100
6
1
14
9999
336	0
336	0
336	0
336	0
336	0
336	0
336	0
336	0
336	0
336	0
336	0
336	0
336	0
336	0
4935.0	3165.0	0	8.0	0	9999	8000.0	80.0
4770.0	280.0	0	20	1.0	30	0.0
4255.0	2990.0	0	21	4.0	42	0.0
1445.0	1135.0	0	12	2.0	24	0.0
2685.0	1590.0	0	72	3.0	90	0.0
2570.0	3495.0	0	55	1.0	66	0.0
515.0	585.0	0	5	1.0	10	0.0
2070.0	3810.0	0	28	3.0	35	0.0
2880.0	2630.0	0	30	3.0	45	0.0
4380.0	2765.0	0	100	4.0	120	0.0
2200.0	2935.0	0	36	2.0	45	0.0
3645.0	1645.0	0	24	3.0	30	0.0
4345.0	3510.0	0	30	4.0	36	0.0
3575.0	715.0	0	32	1.0	40	0.0
4000.0	805.0	0	95	1.0	114	0.0
3530.0	2425.0	0	10	3.0	20	0.0
3705.0	4300.0	0	6	3.0	12	0.0
95.0	4065.0	0	56	1.0	70	0.0
4430.0	2780.0	0	14	2.0	28	0.0
2620.0	3690.0	0	15	1.0	30	0.0
2315.0	1580.0	0	26	2.0	39	0.0
325.0	675.0	0	8	3.0	16	0.0
3565.0	2640.0	0	20	3.0	30	0.0
2440.0	1550.0	0	21	4.0	42	0.0
3335.0	2940.0	0	72	4.0	90	0.0
3410.0	2590.0	0	80	3.0	96	0.0
995.0	2150.0	0	18	1.0	36	0.0
4580.0	1290.0	0	11	3.0	22	0.0
4325.0	1850.0	0	12	2.0	18	0.0
4450.0	1965.0	0	120	3.0	144	0.0
2715.0	2230.0	0	60	4.0	75	0.0
695.0	2375.0	0	5	4.0	10	0.0
2250.0	1935.0	0	88	2.0	110	0.0
4945.0	1395.0	0	10	1.0	15	0.0
1075.0	390.0	0	24	3.0	36	0.0
2230.0	1845.0	0	28	2.0	42	0.0
1575.0	1265.0	0	16	3.0	32	0.0
2570.0	3355.0	0	76	4.0	95	0.0
4405.0	3380.0	0	90	4.0	108	0.0
2195.0	2565.0	0	60	2.0	75	0.0
2335.0	3640.0	0	25	1.0	30	0.0
4030.0	3600.0	0	28	4.0	35	0.0
1825.0	4720.0	0	24	3.0	48	0.0
1055.0	2300.0	0	40	4.0	48	0.0
4995.0	4700.0	0	24	3.0	36	0.0
765.0	1605.0	0	17	1.0	34	0.0
3150.0	2300.0	0	68	3.0	85	0.0
3080.0	2585.0	0	14	4.0	21	0.0
0.0	3305.0	0	32	2.0	48	0.0
0.0	2005.0	0	48	2.0	72	0.0
3865.0	3025.0	0	60	4.0	72	0.0
3635.0	4930.0	0	21	2.0	42	0.0
1595.0	750.0	0	24	1.0	48	0.0
2085.0	3350.0	0	20	2.0	30	0.0
3410.0	1715.0	0	40	2.0	50	0.0
3400.0	2705.0	0	13	1.0	26	0.0
1025.0	2610.0	0	84	2.0	105	0.0
4180.0	4145.0	0	88	4.0	110	0.0
3540.0	70.0	0	45	4.0	54	0.0
4140.0	1370.0	0	20	1.0	40	0.0
470.0	3210.0	0	36	4.0	54	0.0
405.0	2730.0	0	28	3.0	42	0.0
3820.0	4585.0	0	10	3.0	20	0.0
3145.0	1330.0	0	18	2.0	36	0.0
1065.0	4850.0	0	35	4.0	42	0.0
1065.0	1230.0	0	18	2.0	27	0.0
405.0	4215.0	0	7	2.0	14	0.0
1940.0	3470.0	0	75	1.0	90	0.0
4760.0	2275.0	0	10	4.0	15	0.0
4735.0	4085.0	0	8	1.0	16	0.0
1945.0	110.0	0	80	3.0	96	0.0
1345.0	800.0	0	13	2.0	26	0.0
3460.0	3530.0	0	6	2.0	12	0.0
1420.0	3535.0	0	18	4.0	36	0.0
3880.0	2180.0	0	24	3.0	36	0.0
3915.0	2910.0	0	42	2.0	63	0.0
2110.0	3755.0	0	7	4.0	14	0.0
1410.0	4955.0	0	120	1.0	144	0.0
965.0	3475.0	0	10	4.0	15	0.0
55.0	1395.0	0	12	4.0	18	0.0
955.0	3765.0	0	28	4.0	42	0.0
4915.0	855.0	0	100	1.0	120	0.0
1220.0	20.0	0	115	1.0	138	0.0
4095.0	2475.0	0	40	3.0	50	0.0
680.0	395.0	0	12	4.0	24	0.0
1990.0	815.0	0	80	3.0	100	0.0
3005.0	4515.0	0	70	3.0	84	0.0
880.0	3910.0	0	38	3.0	57	0.0
4140.0	3730.0	0	90	4.0	108	0.0
785.0	2180.0	0	36	4.0	54	0.0
4935.0	30.0	0	80	1.0	100	0.0
1285.0	2920.0	0	20	2.0	25	0.0
1165.0	2590.0	0	45	2.0	54	0.0
505.0	330.0	0	45	3.0	54	0.0
1095.0	2720.0	0	32	3.0	48	0.0
3170.0	1945.0	0	90	4.0	108	0.0
3480.0	1075.0	0	68	2.0	85	0.0
3970.0	1925.0	0	24	4.0	36	0.0
3480.0	3130.0	0	45	2.0	54	0.0
3760.0	3295.0	0	36	2.0	45	0.0
3345.0	3545.0	0	72	3.0	90	0.0
10	10	10	10	10	10	
21	21	21	21	21	21	
12	12	12	12	12	12	
18	18	18	18	18	18	
11	11	11	11	11	11	
5	5	5	5	5	5	
7	7	7	7	7	7	
15	15	15	15	15	15	
20	20	20	20	20	20	
9	9	9	9	9	9	
6	6	6	6	6	6	
6	6	6	6	6	6	
8	8	8	8	8	8	
19	19	19	19	19	19	
10	10	10	10	10	10	
6	6	6	6	6	6	
14	14	14	14	14	14	
14	14	14	14	14	14	
15	15	15	15	15	15	
13	13	13	13	13	13	
8	8	8	8	8	8	
10	10	10	10	10	10	
21	21	21	21	21	21	
18	18	18	18	18	18	
16	16	16	16	16	16	
18	18	18	18	18	18	
11	11	11	11	11	11	
6	6	6	6	6	6	
24	24	24	24	24	24	
15	15	15	15	15	15	
5	5	5	5	5	5	
22	22	22	22	22	22	
5	5	5	5	5	5	
12	12	12	12	12	12	
14	14	14	14	14	14	
16	16	16	16	16	16	
19	19	19	19	19	19	
18	18	18	18	18	18	
15	15	15	15	15	15	
5	5	5	5	5	5	
7	7	7	7	7	7	
24	24	24	24	24	24	
8	8	8	8	8	8	
12	12	12	12	12	12	
17	17	17	17	17	17	
17	17	17	17	17	17	
7	7	7	7	7	7	
16	16	16	16	16	16	
24	24	24	24	24	24	
12	12	12	12	12	12	
21	21	21	21	21	21	
24	24	24	24	24	24	
10	10	10	10	10	10	
10	10	10	10	10	10	
13	13	13	13	13	13	
21	21	21	21	21	21	
22	22	22	22	22	22	
9	9	9	9	9	9	
20	20	20	20	20	20	
18	18	18	18	18	18	
14	14	14	14	14	14	
10	10	10	10	10	10	
18	18	18	18	18	18	
7	7	7	7	7	7	
9	9	9	9	9	9	
7	7	7	7	7	7	
15	15	15	15	15	15	
5	5	5	5	5	5	
8	8	8	8	8	8	
16	16	16	16	16	16	
13	13	13	13	13	13	
6	6	6	6	6	6	
18	18	18	18	18	18	
12	12	12	12	12	12	
21	21	21	21	21	21	
7	7	7	7	7	7	
24	24	24	24	24	24	
5	5	5	5	5	5	
6	6	6	6	6	6	
14	14	14	14	14	14	
20	20	20	20	20	20	
23	23	23	23	23	23	
10	10	10	10	10	10	
12	12	12	12	12	12	
20	20	20	20	20	20	
14	14	14	14	14	14	
19	19	19	19	19	19	
18	18	18	18	18	18	
18	18	18	18	18	18	
20	20	20	20	20	20	
5	5	5	5	5	5	
9	9	9	9	9	9	
9	9	9	9	9	9	
16	16	16	16	16	16	
18	18	18	18	18	18	
17	17	17	17	17	17	
12	12	12	12	12	12	
9	9	9	9	9	9	
9	9	9	9	9	9	
18	18	18	18	18	18	